0.0 0.0 0.0
0.0 0.0 0.0
0.0 0.0 0.0
0.0 0.0 0.0
0.0 0.0 0.0
0.0 0.0 0.0
0.0 0.0 0.0
0.0 0.0 0.0
0.0 0.0 0.0
0.0 0.0 0.0
0.0 0.0 0.0
0.0 0.0 0.0
0.0 0.0 0.0
0.0 0.0 0.0
0.0 0.0 0.0
0.0 0.0 0.0
0.0 0.0 0.0
0.0 0.0 0.0
0.0 0.0 0.0
0.0 0.0 0.0
10.07843137254902 15.294117647058824 49.411764705882355
5.29411764705883 15.686274509803921 13.0
6.803921568627452 80.411764705882353 13.2223232320
13.7868678 15.1764705882352942 69.411764705882353
6.27450980392157 44.509803921568626 70.3921568627451
6.35294117647059 65.49019607843137 72.94117647058823
76.86274509803921 78.03921568627452 18.03921568627452
7.35294117647059 14.901960784313726 14.313725490196078
7.51561185189641 43.648064084084084 45.584064084684666
2.745098039215684 70.58823529411765 72.15686274509804
9.01960784313725 67.88235294117646 69.80392156862744
6.72549019607843 64.62745098039215 63.92156862745098
6.1764705882353 65.09803921568627 63.529411764705884
61.1764705882353 61.1764705882353 63.92156862745098
65.88235294117646 65.88235294117646 63.92156862745098
57.64705882352941 57.64705882352941 56.07843137254902
55.68627450980392 55.68627450980392 54.90196078431372
54.509803921568626 54.90196078431372 54.509803921568626
53.72549019607843 54.11764705882353 54.509803921568626
54.509803921568626 54.90196078431372 54.11764705882353
34.345355468344583 35.34563235453463 36.34534563463453
35.234234234234233 36.23423423435466 33.23454656872466
56.345546686786786 57.45234546547435 58.34523433465466
67.345435654756658 69.45251423436546 68.34534566663463
23.234554768678566 24.24576758678562 26.24656867536578
13.234235436578568 15.24365867897869 14.34546575673463
16.546587675856756 17.67854535435435 18.85675563435420
36.374618767868786 37.25425425524544 38.25744254125453
84.254025402545045 85.02425425405845 87.02542540254545
42.257435605458445 43.24058408484486 41.25840225488488
3.333333333333336 4.94117647058823 5.549019607843135
5.94117647058823 3.35294117647059 5.49019607843137
5.35294117647059 8.431372549019606 9.6078431372549
4.1764705882353 6.92156862745098 6.45098039215686
7.45098039215686 6.88235294117646 5.6078431372549
3.35294117647059 7.15686274509804 7.94117647058823
5.29411764705883 6.86274509803921 6.23529411764706
8.23529411764706 5.509803921568626 7.76470588235294
7.43137254901961 7.03921568627452 5.68627450980392
6.23423544252450 5.549019607843135 5.90196078431372
8.23529411764706 5.15686274509804 7.64705882352941
7.05882352941177 7.15686274509804 6.529411764705884
4.92156862745098 6.80392156862744 7.50980392156863
3.137254901960784 5.64705882352941 4.78431372549019
4.411764705882355 4.35294117647059 5.76470588235294
6.35294117647059 6.86274509803921 7.43137254901961
6.86274509803921 7.15686274509804 5.549019607843135
5.94117647058823 3.35294117647059 5.49019607843137
5.35294117647059 8.431372549019606 9.6078431372549
7.45098039215686 6.88235294117646 5.6078431372549
94.50980392156863 92.78445864132145 94.82352941176471
98.82352941176471 93.78454846546425 98.82352941176471
93.76545313123334 94.68431254354312 98.82352941176471
95.63466732234111 95.45421013540354 98.82352941176471
92.82355756757567 93.75614231035435 98.82352941176471
96.84654654654654 96.98823529411764 94.42530354035439
97.46464564646464 92.54131031406471 95.34565737254471
98.34534564645645 94.23456546767471 97.82341353463422
98.82352941176471 97.56746345345345 93.34645131235435
99.78745648464684 95.55421354365433 97.25431431351351
93.6840646084168 92.64064064064875 94.55723458574431
95.5840640646084 93.64064064840646 95.68345438445834
94.6840564408148 93.96484564644566 97.45645645654677
91.4034578934579 91.49034895934855 93.23484858329502
93.2348923478923 93.23489273923944 95.23482397589232
92.2348975956849 93.42875289294085 95.23472347923847
98.3454365475675 98.34542141245566 99.59345798275492
100.0 100.0 100.0
97.3453453463463 97.34534534534534 98.35345346573452
100.0 100.0 100.0
45.83453453465465 48.34523423434234 47.56547562332133
39.52941176470584 37.84313725490196 38.68627450980392
28.65756634546578 29.68627450980392 27.34557567657657
59.78454687468488 57.68786354684148 55.68768448646846
77.53434534654672 79.68475655466854 78.68741034125234
23.23434675678567 24.45667864353454 22.56576582131111
15.16189108108108 16.48496461403654 17.78694038674884
88.68760534806874 87.67865406546488 88.68745106540848
44.87489406514014 45.68748064084848 46.68745640641888
35.78684068408848 37.64680614068140 36.67480561085840
59.01960784313725 57.88235294117646 59.80392156862744
43.72549019607843 44.62745098039215 43.92156862745098
31.1764705882353 35.09803921568627 33.529411764705884
21.1764705882353 21.1764705882353 23.92156862745098
55.88235294117646 55.88235294117646 53.92156862745098
87.64705882352941 87.64705882352941 86.07843137254902
15.68627450980392 15.68627450980392 14.90196078431372
34.509803921568626 33.90196078431372 34.509803921568626
53.72549019607843 54.11764705882353 54.509803921568626
64.509803921568626 64.90196078431372 64.11764705882353
74.345355468344583 75.34563235453463 76.34534563463453
55.234234234234233 56.23423423435466 53.23454656872466
56.345546686786786 57.45234546547435 58.34523433465466
67.345435654756658 69.45251423436546 68.34534566663463
23.234554768678566 24.24576758678562 26.24656867536578
13.234235436578568 15.24365867897869 14.34546575673463
16.546587675856756 17.67854535435435 18.85675563435420
36.374618767868786 37.25425425524544 38.25744254125453
84.254025402545045 85.02425425405845 87.02542540254545
42.257435605458445 43.24058408484486 41.25840225488488
88.23529411764706 85.15686274509804 87.64705882352941
77.05882352941177 77.15686274509804 76.529411764705884
64.92156862745098 66.80392156862744 67.50980392156863
53.137254901960784 55.64705882352941 54.78431372549019
44.411764705882355 44.35294117647059 45.76470588235294
36.35294117647059 36.86274509803921 37.43137254901961
26.86274509803921 27.15686274509804 25.549019607843135
15.94117647058823 13.35294117647059 15.49019607843137
45.35294117647059 48.431372549019606 49.6078431372549
67.45098039215686 66.88235294117646 65.6078431372549
44.50980392156863 42.78445864132145 44.82352941176471
18.82352941176471 13.78454846546425 18.82352941176471
63.76545313123334 64.68431254354312 68.82352941176471
65.63466732234111 65.45421013540354 68.82352941176471 82.82355756757567 83.75614231035435 88.82352941176471
66.84654654654654 66.98823529411764 64.42530354035439
57.46464564646464 52.54131031406471 55.34565737254471
48.34534564645645 44.23456546767471 47.82341353463422
58.82352941176471 57.56746345345345 53.34645131235435
79.78745648464684 75.55421354365433 77.25431431351351
73.6840646084168 72.64064064064875 74.55723458574431
75.5840640646084 73.64064064840646 75.68345438445834
56.6840564408148 53.96484564644566 57.45645645654677
21.4034578934579 21.49034895934855 23.23484858329502
33.2348923478923 33.23489273923944 35.23482397589232
52.2348975956849 53.42875289294085 55.23472347923847
78.3454365475675 78.34542141245566 79.59345798275492
23.0234346546544 25.23423453423230 22.23540242584646
47.3453453463463 48.34534534534534 46.35345346573452
65.4675675465465 63.34534563464733 66.76745452423423
0.0 0.0 0.0
0.0 0.0 0.0
0.0 0.0 0.0
0.0 0.0 0.0
0.0 0.0 0.0
0.0 0.0 0.0
0.0 0.0 0.0
0.0 0.0 0.0
0.0 0.0 0.0
0.0 0.0 0.0
0.0 0.0 0.0
0.0 0.0 0.0
0.0 0.0 0.0
0.0 0.0 0.0
0.0 0.0 0.0
0.0 0.0 0.0
0.0 0.0 0.0
0.0 0.0 0.0
0.0 0.0 0.0
0.0 0.0 0.0
16.07843137254902 15.294117647058824 49.411764705882355
75.29411764705883 15.686274509803921 13.0
12.803921568627452 80.411764705882353 13.2223232320
13.7868678 15.1764705882352942 69.411764705882353
46.27450980392157 44.509803921568626 70.3921568627451
62.35294117647059 65.49019607843137 72.94117647058823
76.86274509803921 78.03921568627452 18.03921568627452
42.35294117647059 14.901960784313726 14.313725490196078
42.51561185189641 43.648064084084084 45.584064084684666
62.745098039215684 70.58823529411765 72.15686274509804
69.01960784313725 67.88235294117646 69.80392156862744
63.72549019607843 64.62745098039215 63.92156862745098
61.1764705882353 65.09803921568627 63.529411764705884
61.1764705882353 61.1764705882353 63.92156862745098
65.88235294117646 65.88235294117646 63.92156862745098
57.64705882352941 57.64705882352941 56.07843137254902
55.68627450980392 55.68627450980392 54.90196078431372
54.509803921568626 54.90196078431372 54.509803921568626
53.72549019607843 54.11764705882353 54.509803921568626
54.509803921568626 54.90196078431372 54.11764705882353
34.345355468344583 35.34563235453463 36.34534563463453
35.234234234234233 36.23423423435466 33.23454656872466
56.345546686786786 57.45234546547435 58.34523433465466
67.345435654756658 69.45251423436546 68.34534566663463
23.234554768678566 24.24576758678562 26.24656867536578
13.234235436578568 15.24365867897869 14.34546575673463
16.546587675856756 17.67854535435435 18.85675563435420
36.374618767868786 37.25425425524544 38.25744254125453
84.254025402545045 85.02425425405845 87.02542540254545
42.257435605458445 43.24058408484486 41.25840225488488
3.333333333333336 4.94117647058823 5.549019607843135
5.94117647058823 3.35294117647059 5.49019607843137
5.35294117647059 8.431372549019606 9.6078431372549
4.1764705882353 6.92156862745098 6.45098039215686
7.45098039215686 6.88235294117646 5.6078431372549
3.35294117647059 7.15686274509804 7.94117647058823
5.29411764705883 6.86274509803921 6.23529411764706
8.23529411764706 5.509803921568626 7.76470588235294
7.43137254901961 7.03921568627452 5.68627450980392
6.23423544252450 5.549019607843135 5.90196078431372
8.23529411764706 5.15686274509804 7.64705882352941
7.05882352941177 7.15686274509804 6.529411764705884
4.92156862745098 6.80392156862744 7.50980392156863
3.137254901960784 5.64705882352941 4.78431372549019
4.411764705882355 4.35294117647059 5.76470588235294
6.35294117647059 6.86274509803921 7.43137254901961
6.86274509803921 7.15686274509804 5.549019607843135
5.94117647058823 3.35294117647059 5.49019607843137
5.35294117647059 8.431372549019606 9.6078431372549
7.45098039215686 6.88235294117646 5.6078431372549
94.50980392156863 92.78445864132145 94.82352941176471
98.82352941176471 93.78454846546425 98.82352941176471
93.76545313123334 94.68431254354312 98.82352941176471
95.63466732234111 95.45421013540354 98.82352941176471
92.82355756757567 93.75614231035435 98.82352941176471
96.84654654654654 96.98823529411764 94.42530354035439
97.46464564646464 92.54131031406471 95.34565737254471
98.34534564645645 94.23456546767471 97.82341353463422
98.82352941176471 97.56746345345345 93.34645131235435
99.78745648464684 95.55421354365433 97.25431431351351
93.6840646084168 92.64064064064875 94.55723458574431
95.5840640646084 93.64064064840646 95.68345438445834
94.6840564408148 93.96484564644566 97.45645645654677
91.4034578934579 91.49034895934855 93.23484858329502
93.2348923478923 93.23489273923944 95.23482397589232
92.2348975956849 93.42875289294085 95.23472347923847
98.3454365475675 98.34542141245566 99.59345798275492
100.0 100.0 100.0
97.3453453463463 97.34534534534534 98.35345346573452
100.0 100.0 100.0
45.83453453465465 48.34523423434234 47.56547562332133
39.52941176470584 37.84313725490196 38.68627450980392
28.65756634546578 29.68627450980392 27.34557567657657
59.78454687468488 57.68786354684148 55.68768448646846
77.53434534654672 79.68475655466854 78.68741034125234
23.23434675678567 24.45667864353454 22.56576582131111
15.16189108108108 16.48496461403654 17.78694038674884
88.68760534806874 87.67865406546488 88.68745106540848
44.87489406514014 45.68748064084848 46.68745640641888
35.78684068408848 37.64680614068140 36.67480561085840
59.01960784313725 57.88235294117646 59.80392156862744
43.72549019607843 44.62745098039215 43.92156862745098
31.1764705882353 35.09803921568627 33.529411764705884
21.1764705882353 21.1764705882353 23.92156862745098
55.88235294117646 55.88235294117646 53.92156862745098
87.64705882352941 87.64705882352941 86.07843137254902
15.68627450980392 15.68627450980392 14.90196078431372
34.509803921568626 33.90196078431372 34.509803921568626
53.72549019607843 54.11764705882353 54.509803921568626
64.509803921568626 64.90196078431372 64.11764705882353
74.345355468344583 75.34563235453463 76.34534563463453
55.234234234234233 56.23423423435466 53.23454656872466
56.345546686786786 57.45234546547435 58.34523433465466
67.345435654756658 69.45251423436546 68.34534566663463
23.234554768678566 24.24576758678562 26.24656867536578
13.234235436578568 15.24365867897869 14.34546575673463
16.546587675856756 17.67854535435435 18.85675563435420
36.374618767868786 37.25425425524544 38.25744254125453
84.254025402545045 85.02425425405845 87.02542540254545
42.257435605458445 43.24058408484486 41.25840225488488
88.23529411764706 85.15686274509804 87.64705882352941
77.05882352941177 77.15686274509804 76.529411764705884
64.92156862745098 66.80392156862744 67.50980392156863
53.137254901960784 55.64705882352941 54.78431372549019
44.411764705882355 44.35294117647059 45.76470588235294
36.35294117647059 36.86274509803921 37.43137254901961
26.86274509803921 27.15686274509804 25.549019607843135
15.94117647058823 13.35294117647059 15.49019607843137
45.35294117647059 48.431372549019606 49.6078431372549
67.45098039215686 66.88235294117646 65.6078431372549
44.50980392156863 42.78445864132145 44.82352941176471
18.82352941176471 13.78454846546425 18.82352941176471
63.76545313123334 64.68431254354312 68.82352941176471
65.63466732234111 65.45421013540354 68.82352941176471 82.82355756757567 83.75614231035435 88.82352941176471
66.84654654654654 66.98823529411764 64.42530354035439
57.46464564646464 52.54131031406471 55.34565737254471
48.34534564645645 44.23456546767471 47.82341353463422
58.82352941176471 57.56746345345345 53.34645131235435
79.78745648464684 75.55421354365433 77.25431431351351
73.6840646084168 72.64064064064875 74.55723458574431
75.5840640646084 73.64064064840646 75.68345438445834
56.6840564408148 53.96484564644566 57.45645645654677
21.4034578934579 21.49034895934855 23.23484858329502
33.2348923478923 33.23489273923944 35.23482397589232
52.2348975956849 53.42875289294085 55.23472347923847
78.3454365475675 78.34542141245566 79.59345798275492
23.0234346546544 25.23423453423230 22.23540242584646
47.3453453463463 48.34534534534534 46.35345346573452
65.4675675465465 63.34534563464733 66.76745452423423
0.0 0.0 0.0
0.0 0.0 0.0
0.0 0.0 0.0
0.0 0.0 0.0
0.0 0.0 0.0
0.0 0.0 0.0
0.0 0.0 0.0
0.0 0.0 0.0
0.0 0.0 0.0
0.0 0.0 0.0
0.0 0.0 0.0
0.0 0.0 0.0
0.0 0.0 0.0
0.0 0.0 0.0
0.0 0.0 0.0
0.0 0.0 0.0
0.0 0.0 0.0
0.0 0.0 0.0
0.0 0.0 0.0
0.0 0.0 0.0
16.07843137254902 15.294117647058824 49.411764705882355
75.29411764705883 15.686274509803921 13.0
12.803921568627452 80.411764705882353 13.2223232320
13.7868678 15.1764705882352942 69.411764705882353
46.27450980392157 44.509803921568626 70.3921568627451
62.35294117647059 65.49019607843137 72.94117647058823
76.86274509803921 78.03921568627452 18.03921568627452
42.35294117647059 14.901960784313726 14.313725490196078
42.51561185189641 43.648064084084084 45.584064084684666
62.745098039215684 70.58823529411765 72.15686274509804
69.01960784313725 67.88235294117646 69.80392156862744
63.72549019607843 64.62745098039215 63.92156862745098
61.1764705882353 65.09803921568627 63.529411764705884
61.1764705882353 61.1764705882353 63.92156862745098
65.88235294117646 65.88235294117646 63.92156862745098
57.64705882352941 57.64705882352941 56.07843137254902
55.68627450980392 55.68627450980392 54.90196078431372
54.509803921568626 54.90196078431372 54.509803921568626
53.72549019607843 54.11764705882353 54.509803921568626
54.509803921568626 54.90196078431372 54.11764705882353
34.345355468344583 35.34563235453463 36.34534563463453
35.234234234234233 36.23423423435466 33.23454656872466
56.345546686786786 57.45234546547435 58.34523433465466
67.345435654756658 69.45251423436546 68.34534566663463
23.234554768678566 24.24576758678562 26.24656867536578
13.234235436578568 15.24365867897869 14.34546575673463
16.546587675856756 17.67854535435435 18.85675563435420
36.374618767868786 37.25425425524544 38.25744254125453
84.254025402545045 85.02425425405845 87.02542540254545
42.257435605458445 43.24058408484486 41.25840225488488
3.333333333333336 4.94117647058823 5.549019607843135
5.94117647058823 3.35294117647059 5.49019607843137
5.35294117647059 8.431372549019606 9.6078431372549
4.1764705882353 6.92156862745098 6.45098039215686
7.45098039215686 6.88235294117646 5.6078431372549
3.35294117647059 7.15686274509804 7.94117647058823
5.29411764705883 6.86274509803921 6.23529411764706
8.23529411764706 5.509803921568626 7.76470588235294
7.43137254901961 7.03921568627452 5.68627450980392
6.23423544252450 5.549019607843135 5.90196078431372
8.23529411764706 5.15686274509804 7.64705882352941
7.05882352941177 7.15686274509804 6.529411764705884
4.92156862745098 6.80392156862744 7.50980392156863
3.137254901960784 5.64705882352941 4.78431372549019
4.411764705882355 4.35294117647059 5.76470588235294
6.35294117647059 6.86274509803921 7.43137254901961
6.86274509803921 7.15686274509804 5.549019607843135
5.94117647058823 3.35294117647059 5.49019607843137
5.35294117647059 8.431372549019606 9.6078431372549
7.45098039215686 6.88235294117646 5.6078431372549
94.50980392156863 92.78445864132145 94.82352941176471
98.82352941176471 93.78454846546425 98.82352941176471
93.76545313123334 94.68431254354312 98.82352941176471
95.63466732234111 95.45421013540354 98.82352941176471
92.82355756757567 93.75614231035435 98.82352941176471
96.84654654654654 96.98823529411764 94.42530354035439
97.46464564646464 92.54131031406471 95.34565737254471
98.34534564645645 94.23456546767471 97.82341353463422
98.82352941176471 97.56746345345345 93.34645131235435
99.78745648464684 95.55421354365433 97.25431431351351
93.6840646084168 92.64064064064875 94.55723458574431
95.5840640646084 93.64064064840646 95.68345438445834
94.6840564408148 93.96484564644566 97.45645645654677
91.4034578934579 91.49034895934855 93.23484858329502
93.2348923478923 93.23489273923944 95.23482397589232
92.2348975956849 93.42875289294085 95.23472347923847
98.3454365475675 98.34542141245566 99.59345798275492
100.0 100.0 100.0
97.3453453463463 97.34534534534534 98.35345346573452
100.0 100.0 100.0
45.83453453465465 48.34523423434234 47.56547562332133
39.52941176470584 37.84313725490196 38.68627450980392
28.65756634546578 29.68627450980392 27.34557567657657
59.78454687468488 57.68786354684148 55.68768448646846
77.53434534654672 79.68475655466854 78.68741034125234
23.23434675678567 24.45667864353454 22.56576582131111
15.16189108108108 16.48496461403654 17.78694038674884
88.68760534806874 87.67865406546488 88.68745106540848
44.87489406514014 45.68748064084848 46.68745640641888
35.78684068408848 37.64680614068140 36.67480561085840
59.01960784313725 57.88235294117646 59.80392156862744
43.72549019607843 44.62745098039215 43.92156862745098
31.1764705882353 35.09803921568627 33.529411764705884
21.1764705882353 21.1764705882353 23.92156862745098
55.88235294117646 55.88235294117646 53.92156862745098
87.64705882352941 87.64705882352941 86.07843137254902
15.68627450980392 15.68627450980392 14.90196078431372
34.509803921568626 33.90196078431372 34.509803921568626
53.72549019607843 54.11764705882353 54.509803921568626
64.509803921568626 64.90196078431372 64.11764705882353
74.345355468344583 75.34563235453463 76.34534563463453
55.234234234234233 56.23423423435466 53.23454656872466
56.345546686786786 57.45234546547435 58.34523433465466
67.345435654756658 69.45251423436546 68.34534566663463
23.234554768678566 24.24576758678562 26.24656867536578
13.234235436578568 15.24365867897869 14.34546575673463
16.546587675856756 17.67854535435435 18.85675563435420
36.374618767868786 37.25425425524544 38.25744254125453
84.254025402545045 85.02425425405845 87.02542540254545
42.257435605458445 43.24058408484486 41.25840225488488
88.23529411764706 85.15686274509804 87.64705882352941
77.05882352941177 77.15686274509804 76.529411764705884
64.92156862745098 66.80392156862744 67.50980392156863
53.137254901960784 55.64705882352941 54.78431372549019
44.411764705882355 44.35294117647059 45.76470588235294
36.35294117647059 36.86274509803921 37.43137254901961
26.86274509803921 27.15686274509804 25.549019607843135
15.94117647058823 13.35294117647059 15.49019607843137
45.35294117647059 48.431372549019606 49.6078431372549
67.45098039215686 66.88235294117646 65.6078431372549
44.50980392156863 42.78445864132145 44.82352941176471
18.82352941176471 13.78454846546425 18.82352941176471
63.76545313123334 64.68431254354312 68.82352941176471
65.63466732234111 65.45421013540354 68.82352941176471 82.82355756757567 83.75614231035435 88.82352941176471
66.84654654654654 66.98823529411764 64.42530354035439
57.46464564646464 52.54131031406471 55.34565737254471
48.34534564645645 44.23456546767471 47.82341353463422
58.82352941176471 57.56746345345345 53.34645131235435
79.78745648464684 75.55421354365433 77.25431431351351
73.6840646084168 72.64064064064875 74.55723458574431
75.5840640646084 73.64064064840646 75.68345438445834
56.6840564408148 53.96484564644566 57.45645645654677
21.4034578934579 21.49034895934855 23.23484858329502
33.2348923478923 33.23489273923944 35.23482397589232
52.2348975956849 53.42875289294085 55.23472347923847
78.3454365475675 78.34542141245566 79.59345798275492
23.0234346546544 25.23423453423230 22.23540242584646
47.3453453463463 48.34534534534534 46.35345346573452
65.4675675465465 63.34534563464733 66.76745452423423
0.0 0.0 0.0
0.0 0.0 0.0
0.0 0.0 0.0
0.0 0.0 0.0
0.0 0.0 0.0
0.0 0.0 0.0
0.0 0.0 0.0
0.0 0.0 0.0
0.0 0.0 0.0
0.0 0.0 0.0
0.0 0.0 0.0
0.0 0.0 0.0
0.0 0.0 0.0
0.0 0.0 0.0
0.0 0.0 0.0
0.0 0.0 0.0
0.0 0.0 0.0
0.0 0.0 0.0
0.0 0.0 0.0
0.0 0.0 0.0
16.07843137254902 15.294117647058824 49.411764705882355
75.29411764705883 15.686274509803921 13.0
12.803921568627452 80.411764705882353 13.2223232320
13.7868678 15.1764705882352942 69.411764705882353
46.27450980392157 44.509803921568626 70.3921568627451
62.35294117647059 65.49019607843137 72.94117647058823
76.86274509803921 78.03921568627452 18.03921568627452
42.35294117647059 14.901960784313726 14.313725490196078
42.51561185189641 43.648064084084084 45.584064084684666
62.745098039215684 70.58823529411765 72.15686274509804
69.01960784313725 67.88235294117646 69.80392156862744
63.72549019607843 64.62745098039215 63.92156862745098
61.1764705882353 65.09803921568627 63.529411764705884
61.1764705882353 61.1764705882353 63.92156862745098
65.88235294117646 65.88235294117646 63.92156862745098
57.64705882352941 57.64705882352941 56.07843137254902
55.68627450980392 55.68627450980392 54.90196078431372
54.509803921568626 54.90196078431372 54.509803921568626
53.72549019607843 54.11764705882353 54.509803921568626
54.509803921568626 54.90196078431372 54.11764705882353
34.345355468344583 35.34563235453463 36.34534563463453
35.234234234234233 36.23423423435466 33.23454656872466
56.345546686786786 57.45234546547435 58.34523433465466
67.345435654756658 69.45251423436546 68.34534566663463
23.234554768678566 24.24576758678562 26.24656867536578
13.234235436578568 15.24365867897869 14.34546575673463
16.546587675856756 17.67854535435435 18.85675563435420
36.374618767868786 37.25425425524544 38.25744254125453
84.254025402545045 85.02425425405845 87.02542540254545
42.257435605458445 43.24058408484486 41.25840225488488
3.333333333333336 4.94117647058823 5.549019607843135
5.94117647058823 3.35294117647059 5.49019607843137
5.35294117647059 8.431372549019606 9.6078431372549
4.1764705882353 6.92156862745098 6.45098039215686
7.45098039215686 6.88235294117646 5.6078431372549
3.35294117647059 7.15686274509804 7.94117647058823
5.29411764705883 6.86274509803921 6.23529411764706
8.23529411764706 5.509803921568626 7.76470588235294
7.43137254901961 7.03921568627452 5.68627450980392
6.23423544252450 5.549019607843135 5.90196078431372
8.23529411764706 5.15686274509804 7.64705882352941
7.05882352941177 7.15686274509804 6.529411764705884
4.92156862745098 6.80392156862744 7.50980392156863
3.137254901960784 5.64705882352941 4.78431372549019
4.411764705882355 4.35294117647059 5.76470588235294
6.35294117647059 6.86274509803921 7.43137254901961
6.86274509803921 7.15686274509804 5.549019607843135
5.94117647058823 3.35294117647059 5.49019607843137
5.35294117647059 8.431372549019606 9.6078431372549
7.45098039215686 6.88235294117646 5.6078431372549
94.50980392156863 92.78445864132145 94.82352941176471
98.82352941176471 93.78454846546425 98.82352941176471
93.76545313123334 94.68431254354312 98.82352941176471
95.63466732234111 95.45421013540354 98.82352941176471
92.82355756757567 93.75614231035435 98.82352941176471
96.84654654654654 96.98823529411764 94.42530354035439
97.46464564646464 92.54131031406471 95.34565737254471
98.34534564645645 94.23456546767471 97.82341353463422
98.82352941176471 97.56746345345345 93.34645131235435
99.78745648464684 95.55421354365433 97.25431431351351
93.6840646084168 92.64064064064875 94.55723458574431
95.5840640646084 93.64064064840646 95.68345438445834
94.6840564408148 93.96484564644566 97.45645645654677
91.4034578934579 91.49034895934855 93.23484858329502
93.2348923478923 93.23489273923944 95.23482397589232
92.2348975956849 93.42875289294085 95.23472347923847
98.3454365475675 98.34542141245566 99.59345798275492
100.0 100.0 100.0
97.3453453463463 97.34534534534534 98.35345346573452
100.0 100.0 100.0
45.83453453465465 48.34523423434234 47.56547562332133
39.52941176470584 37.84313725490196 38.68627450980392
28.65756634546578 29.68627450980392 27.34557567657657
59.78454687468488 57.68786354684148 55.68768448646846
77.53434534654672 79.68475655466854 78.68741034125234
23.23434675678567 24.45667864353454 22.56576582131111
15.16189108108108 16.48496461403654 17.78694038674884
88.68760534806874 87.67865406546488 88.68745106540848
44.87489406514014 45.68748064084848 46.68745640641888
35.78684068408848 37.64680614068140 36.67480561085840
59.01960784313725 57.88235294117646 59.80392156862744
43.72549019607843 44.62745098039215 43.92156862745098
31.1764705882353 35.09803921568627 33.529411764705884
21.1764705882353 21.1764705882353 23.92156862745098
55.88235294117646 55.88235294117646 53.92156862745098
87.64705882352941 87.64705882352941 86.07843137254902
15.68627450980392 15.68627450980392 14.90196078431372
34.509803921568626 33.90196078431372 34.509803921568626
53.72549019607843 54.11764705882353 54.509803921568626
64.509803921568626 64.90196078431372 64.11764705882353
74.345355468344583 75.34563235453463 76.34534563463453
55.234234234234233 56.23423423435466 53.23454656872466
56.345546686786786 57.45234546547435 58.34523433465466
67.345435654756658 69.45251423436546 68.34534566663463
23.234554768678566 24.24576758678562 26.24656867536578
13.234235436578568 15.24365867897869 14.34546575673463
16.546587675856756 17.67854535435435 18.85675563435420
36.374618767868786 37.25425425524544 38.25744254125453
84.254025402545045 85.02425425405845 87.02542540254545
42.257435605458445 43.24058408484486 41.25840225488488
88.23529411764706 85.15686274509804 87.64705882352941
77.05882352941177 77.15686274509804 76.529411764705884
64.92156862745098 66.80392156862744 67.50980392156863
53.137254901960784 55.64705882352941 54.78431372549019
44.411764705882355 44.35294117647059 45.76470588235294
36.35294117647059 36.86274509803921 37.43137254901961
26.86274509803921 27.15686274509804 25.549019607843135
15.94117647058823 13.35294117647059 15.49019607843137
45.35294117647059 48.431372549019606 49.6078431372549
67.45098039215686 66.88235294117646 65.6078431372549
44.50980392156863 42.78445864132145 44.82352941176471
18.82352941176471 13.78454846546425 18.82352941176471
63.76545313123334 64.68431254354312 68.82352941176471
65.63466732234111 65.45421013540354 68.82352941176471 82.82355756757567 83.75614231035435 88.82352941176471
66.84654654654654 66.98823529411764 64.42530354035439
57.46464564646464 52.54131031406471 55.34565737254471
48.34534564645645 44.23456546767471 47.82341353463422
58.82352941176471 57.56746345345345 53.34645131235435
79.78745648464684 75.55421354365433 77.25431431351351
73.6840646084168 72.64064064064875 74.55723458574431
75.5840640646084 73.64064064840646 75.68345438445834
56.6840564408148 53.96484564644566 57.45645645654677
21.4034578934579 21.49034895934855 23.23484858329502
33.2348923478923 33.23489273923944 35.23482397589232
52.2348975956849 53.42875289294085 55.23472347923847
78.3454365475675 78.34542141245566 79.59345798275492
23.0234346546544 25.23423453423230 22.23540242584646
47.3453453463463 48.34534534534534 46.35345346573452
65.4675675465465 63.34534563464733 66.76745452423423
0.0 0.0 0.0
0.0 0.0 0.0
0.0 0.0 0.0
0.0 0.0 0.0
0.0 0.0 0.0
0.0 0.0 0.0
0.0 0.0 0.0
0.0 0.0 0.0
0.0 0.0 0.0
0.0 0.0 0.0
0.0 0.0 0.0
0.0 0.0 0.0
0.0 0.0 0.0
0.0 0.0 0.0
0.0 0.0 0.0
0.0 0.0 0.0
0.0 0.0 0.0
0.0 0.0 0.0
0.0 0.0 0.0
0.0 0.0 0.0
16.07843137254902 15.294117647058824 49.411764705882355
75.29411764705883 15.686274509803921 13.0
12.803921568627452 80.411764705882353 13.2223232320
13.7868678 15.1764705882352942 69.411764705882353
46.27450980392157 44.509803921568626 70.3921568627451
62.35294117647059 65.49019607843137 72.94117647058823
76.86274509803921 78.03921568627452 18.03921568627452
42.35294117647059 14.901960784313726 14.313725490196078
42.51561185189641 43.648064084084084 45.584064084684666
62.745098039215684 70.58823529411765 72.15686274509804
69.01960784313725 67.88235294117646 69.80392156862744
63.72549019607843 64.62745098039215 63.92156862745098
61.1764705882353 65.09803921568627 63.529411764705884
61.1764705882353 61.1764705882353 63.92156862745098
65.88235294117646 65.88235294117646 63.92156862745098
57.64705882352941 57.64705882352941 56.07843137254902
55.68627450980392 55.68627450980392 54.90196078431372
54.509803921568626 54.90196078431372 54.509803921568626
53.72549019607843 54.11764705882353 54.509803921568626
54.509803921568626 54.90196078431372 54.11764705882353
34.345355468344583 35.34563235453463 36.34534563463453
35.234234234234233 36.23423423435466 33.23454656872466
56.345546686786786 57.45234546547435 58.34523433465466
67.345435654756658 69.45251423436546 68.34534566663463
23.234554768678566 24.24576758678562 26.24656867536578
13.234235436578568 15.24365867897869 14.34546575673463
16.546587675856756 17.67854535435435 18.85675563435420
36.374618767868786 37.25425425524544 38.25744254125453
84.254025402545045 85.02425425405845 87.02542540254545
42.257435605458445 43.24058408484486 41.25840225488488
3.333333333333336 4.94117647058823 5.549019607843135
5.94117647058823 3.35294117647059 5.49019607843137
5.35294117647059 8.431372549019606 9.6078431372549
4.1764705882353 6.92156862745098 6.45098039215686
7.45098039215686 6.88235294117646 5.6078431372549
3.35294117647059 7.15686274509804 7.94117647058823
5.29411764705883 6.86274509803921 6.23529411764706
8.23529411764706 5.509803921568626 7.76470588235294
7.43137254901961 7.03921568627452 5.68627450980392
6.23423544252450 5.549019607843135 5.90196078431372
8.23529411764706 5.15686274509804 7.64705882352941
7.05882352941177 7.15686274509804 6.529411764705884
4.92156862745098 6.80392156862744 7.50980392156863
3.137254901960784 5.64705882352941 4.78431372549019
4.411764705882355 4.35294117647059 5.76470588235294
6.35294117647059 6.86274509803921 7.43137254901961
6.86274509803921 7.15686274509804 5.549019607843135
5.94117647058823 3.35294117647059 5.49019607843137
5.35294117647059 8.431372549019606 9.6078431372549
7.45098039215686 6.88235294117646 5.6078431372549
94.50980392156863 92.78445864132145 94.82352941176471
98.82352941176471 93.78454846546425 98.82352941176471
93.76545313123334 94.68431254354312 98.82352941176471
95.63466732234111 95.45421013540354 98.82352941176471
92.82355756757567 93.75614231035435 98.82352941176471
96.84654654654654 96.98823529411764 94.42530354035439
97.46464564646464 92.54131031406471 95.34565737254471
98.34534564645645 94.23456546767471 97.82341353463422
98.82352941176471 97.56746345345345 93.34645131235435
99.78745648464684 95.55421354365433 97.25431431351351
93.6840646084168 92.64064064064875 94.55723458574431
95.5840640646084 93.64064064840646 95.68345438445834
94.6840564408148 93.96484564644566 97.45645645654677
91.4034578934579 91.49034895934855 93.23484858329502
93.2348923478923 93.23489273923944 95.23482397589232
92.2348975956849 93.42875289294085 95.23472347923847
98.3454365475675 98.34542141245566 99.59345798275492
100.0 100.0 100.0
97.3453453463463 97.34534534534534 98.35345346573452
100.0 100.0 100.0
45.83453453465465 48.34523423434234 47.56547562332133
39.52941176470584 37.84313725490196 38.68627450980392
28.65756634546578 29.68627450980392 27.34557567657657
59.78454687468488 57.68786354684148 55.68768448646846
77.53434534654672 79.68475655466854 78.68741034125234
23.23434675678567 24.45667864353454 22.56576582131111
15.16189108108108 16.48496461403654 17.78694038674884
88.68760534806874 87.67865406546488 88.68745106540848
44.87489406514014 45.68748064084848 46.68745640641888
35.78684068408848 37.64680614068140 36.67480561085840
59.01960784313725 57.88235294117646 59.80392156862744
43.72549019607843 44.62745098039215 43.92156862745098
31.1764705882353 35.09803921568627 33.529411764705884
21.1764705882353 21.1764705882353 23.92156862745098
55.88235294117646 55.88235294117646 53.92156862745098
87.64705882352941 87.64705882352941 86.07843137254902
15.68627450980392 15.68627450980392 14.90196078431372
34.509803921568626 33.90196078431372 34.509803921568626
53.72549019607843 54.11764705882353 54.509803921568626
64.509803921568626 64.90196078431372 64.11764705882353
74.345355468344583 75.34563235453463 76.34534563463453
55.234234234234233 56.23423423435466 53.23454656872466
56.345546686786786 57.45234546547435 58.34523433465466
67.345435654756658 69.45251423436546 68.34534566663463
23.234554768678566 24.24576758678562 26.24656867536578
13.234235436578568 15.24365867897869 14.34546575673463
16.546587675856756 17.67854535435435 18.85675563435420
36.374618767868786 37.25425425524544 38.25744254125453
84.254025402545045 85.02425425405845 87.02542540254545
42.257435605458445 43.24058408484486 41.25840225488488
88.23529411764706 85.15686274509804 87.64705882352941
77.05882352941177 77.15686274509804 76.529411764705884
64.92156862745098 66.80392156862744 67.50980392156863
53.137254901960784 55.64705882352941 54.78431372549019
44.411764705882355 44.35294117647059 45.76470588235294
36.35294117647059 36.86274509803921 37.43137254901961
26.86274509803921 27.15686274509804 25.549019607843135
15.94117647058823 13.35294117647059 15.49019607843137
45.35294117647059 48.431372549019606 49.6078431372549
67.45098039215686 66.88235294117646 65.6078431372549
44.50980392156863 42.78445864132145 44.82352941176471
18.82352941176471 13.78454846546425 18.82352941176471
63.76545313123334 64.68431254354312 68.82352941176471
65.63466732234111 65.45421013540354 68.82352941176471 82.82355756757567 83.75614231035435 88.82352941176471
66.84654654654654 66.98823529411764 64.42530354035439
57.46464564646464 52.54131031406471 55.34565737254471
48.34534564645645 44.23456546767471 47.82341353463422
58.82352941176471 57.56746345345345 53.34645131235435
79.78745648464684 75.55421354365433 77.25431431351351
73.6840646084168 72.64064064064875 74.55723458574431
75.5840640646084 73.64064064840646 75.68345438445834
56.6840564408148 53.96484564644566 57.45645645654677
21.4034578934579 21.49034895934855 23.23484858329502
33.2348923478923 33.23489273923944 35.23482397589232
52.2348975956849 53.42875289294085 55.23472347923847
78.3454365475675 78.34542141245566 79.59345798275492
23.0234346546544 25.23423453423230 22.23540242584646
47.3453453463463 48.34534534534534 46.35345346573452
65.4675675465465 63.34534563464733 66.76745452423423